.Random.seed <-
c(10403L, 10L, 1182123148L, -1728066609L, 761529221L, 1670271036L, 
-2095668974L, -28088819L, 701166919L, -898392274L, 1519907464L, 
1020236683L, 1837466473L, 1831992632L, -2130800666L, 1014712193L, 
1907646227L, 1720903874L, 630375284L, -496365705L, 869496941L, 
-1294444796L, -693852630L, 1655999381L, -622350289L, -78395082L, 
1181804896L, 2077763491L, 1397829825L, 1517093040L, 1332793294L, 
-446905543L, 1405684555L, -2017959686L, -462005764L, 341785151L, 
-2073260267L, -1181066196L, 147473666L, -597266979L, 1467411671L, 
-1285523522L, -55647752L, -1554197029L, 339901497L, -539144824L, 
-1027241674L, 154915697L, 584012195L, -1548743438L, 215797828L, 
5096199L, -88927523L, 1552710612L, 1828731642L, 64544325L, -951335265L, 
-1986159578L, -1610762064L, -1779826349L, 25853041L, -1489698400L, 
-1557635778L, -2049590199L, -572507909L, 1924116682L, -1247803860L, 
-1652794833L, -830811419L, -1843435620L, -1885122062L, -1449542547L, 
-2123297369L, -2115471410L, 2111493416L, 892094251L, -1190769335L, 
-646032808L, -1794479354L, -1984608543L, -292269453L, 596007650L, 
-527145388L, 1324527447L, 27165517L, -144120092L, 1256892106L, 
1021224757L, 2090667407L, -1449481578L, -1812004288L, -995884285L, 
-1061686495L, -1587465200L, -2096294930L, 1307632537L, 194911275L, 
589883674L, 325340124L, -2072728097L, 85391797L, 1627510604L, 
955862434L, 872996093L, 539509239L, -1572303074L, -316108328L, 
892521275L, -351273767L, 404762728L, -1100851818L, -1617990383L, 
-408871229L, -1656160558L, -258979996L, 443128487L, 277259261L, 
409187828L, -940109094L, -1688599515L, -356292289L, 857255622L, 
-591223984L, 384711539L, 683675025L, 1864732608L, -442906210L, 
-619523223L, 22849435L, -333189462L, 864626892L, 1398782351L, 
-1324618299L, 743780732L, -607493678L, -574309043L, 334675975L, 
-278564882L, 36378312L, -2023511605L, 2077080617L, 478939768L, 
-1286547546L, -1108713023L, 695645779L, 1154964738L, -109056972L, 
-713716297L, 1356505517L, -901913916L, 1355609834L, 889133397L, 
-1207963921L, -901657354L, -1047331808L, -1721647645L, -1847222655L, 
-2014177040L, -888662130L, 1689381113L, 1842901643L, 800379578L, 
1230478780L, -2121054465L, -1108211115L, -267244180L, 898278850L, 
2057913885L, 1771208343L, 2002614270L, 1156006840L, 1717952411L, 
-648804871L, -1128921784L, -1524395914L, 2136284593L, 1862419427L, 
-1075511118L, 1861168388L, -1513066937L, 577952029L, -928262252L, 
1731500858L, -850745467L, 1544492127L, 1955847910L, 603301232L, 
-1496674669L, -766691535L, 307228128L, 1893276286L, -276068087L, 
1864592187L, -1622203638L, -1734120724L, 1249109871L, 1800456357L, 
132096604L, 775557682L, -1421387475L, -323674137L, -2114164978L, 
1824651496L, -1599403285L, 152437641L, 669671192L, 16843334L, 
56140449L, -1070365389L, -1180386142L, -1245662316L, -1987499497L, 
-946196979L, -8598748L, 1566791434L, 1778121333L, 427649487L, 
-1596788010L, -699361664L, 1582635203L, 153376353L, -655397168L, 
-1349240786L, -1338257959L, -795233813L, 1707816026L, -1570550244L, 
1828863775L, 720622453L, 1175869524L, 2053434344L, 702822138L, 
-1469601456L, -1680932052L, 848938868L, 1899946898L, 1678718560L, 
1010937740L, -1130196128L, 487639010L, -1263222872L, -1716118324L, 
-1531769348L, 1599155122L, -690894352L, 474524100L, 761323864L, 
779863418L, 620786096L, -575418436L, -1072820140L, -1642323006L, 
901645344L, 1099078844L, -2117068208L, 144310242L, -2112874904L, 
1171987020L, 648536316L, 358002674L, 1398643968L, -1520339084L, 
-165502968L, -24828486L, 1441103312L, 2089534444L, 1982857108L, 
1811299282L, 2138355552L, -170285748L, 1575439648L, 535233410L, 
2087402216L, -1066425108L, -1538807236L, 1536887666L, 1900210800L, 
1760278564L, -531757256L, -1924174694L, -1603964208L, 722288828L, 
-661252460L, -1713461630L, 587816128L, -372248260L, 1903145104L, 
1973332514L, 668558856L, -1853800180L, 416354972L, -1532678638L, 
-557765248L, -719806956L, 1873827368L, -2004851398L, 49104848L, 
-2009886100L, 1558751028L, -136600942L, 942160224L, 1233899852L, 
-363237408L, -765059166L, 859158440L, -1738257524L, 1776084668L, 
-544797838L, -611665680L, -1679009724L, -277177000L, 1237537850L, 
1626194800L, 665470012L, -1901843692L, 672090562L, 444039392L, 
-1902119044L, 1979244240L, -2105112926L, 1115440168L, -602691316L, 
-519867460L, 274644274L, -1733812288L, 198677044L, 1585601480L, 
669623482L, -1555091568L, 134878700L, -1951940524L, 1146478226L, 
1112931104L, -1150874164L, -386171936L, -1331805502L, -111207896L, 
-618512724L, 63312572L, -82873870L, 1187367216L, -459756380L, 
-373513544L, 211708762L, -1948570224L, -299191940L, 690212116L, 
-1405277886L, -380837120L, -72819780L, -21734576L, 740991266L, 
-246850232L, -1021216756L, 375847004L, 1455613138L, 1128581120L, 
738057044L, -1278557720L, -1639417862L, -680839472L, -10541780L, 
566962420L, 2063034258L, 1022565472L, 376708364L, 1897023200L, 
902331746L, -1020058968L, -1197614516L, 1311889276L, 566700850L, 
-985260432L, -1054171836L, 686013400L, 1990455418L, 420488752L, 
1807960764L, -109607084L, -1407534526L, 1138224032L, -1247270724L, 
619520464L, -1326848670L, 198579176L, -47507508L, -1661610244L, 
833720306L, -695960448L, 204503284L, 411350152L, -1881053894L, 
750601040L, 1495805036L, -344596332L, 1155316050L, -1582678304L, 
227283148L, -288368480L, -2082711166L, 1843525864L, -35415828L, 
-57862084L, 1756012658L, 2142251120L, 103211556L, 1156031032L, 
1656334874L, 2070548688L, 288863804L, 1117277332L, 1667011714L, 
-639825984L, 2051779900L, 874954384L, -1288711134L, -275935224L, 
550550668L, 178634780L, 1888265362L, 448416896L, -1571044332L, 
-1685724376L, 1021973562L, -2069713712L, 1199387756L, 587568820L, 
-1932402670L, 1226948576L, 715230156L, 1301986784L, 938708002L, 
-1423420120L, 952391948L, -106508740L, -1307327246L, 1749055728L, 
-300763324L, 1723723864L, -306118086L, 504121584L, 411083452L, 
-1336980972L, 975809730L, 606746208L, -1246722692L, -1473092400L, 
2141041698L, 1685932200L, -1567842932L, 200581564L, -1939732430L, 
-887139520L, -1460658508L, -1213034168L, 410399418L, -1134379704L, 
718008550L, -347412973L, -1623983755L, 1685896530L, 548646304L, 
-166847351L, 2061921467L, -803406068L, -1909746022L, -149353457L, 
-1843984295L, 2044470510L, -1721163908L, -1421292563L, -1633307497L, 
-1471299744L, 113178430L, -921540597L, 452284557L, 260295098L, 
-729618440L, 305562529L, 40074579L, -328059788L, -634657278L, 
-512067433L, -674649503L, -719150426L, 1560554148L, -778461355L, 
1771955199L, 1845387928L, -651901002L, 78523459L, 2026751365L, 
-691036638L, 530236688L, -429783879L, 992676203L, 932030556L, 
22037898L, -1807539841L, 903118025L, 1404879198L, -720743924L, 
-1414949411L, 1461816551L, -1048127216L, -548173778L, 239234779L, 
-1289361475L, -172048086L, -81353272L, 1075927793L, 43054179L, 
1861750884L, 808459154L, -858058649L, 906801201L, 1927250294L, 
323423892L, 1057309861L, -797468241L, 1337164392L, 164190790L, 
292970483L, 229205L, 2065441074L, 587482368L, 884135401L, 1732018267L, 
-88591700L, -845017926L, 1624936047L, 919297017L, 1779999374L, 
658854748L, 868007885L, -1359388873L, 1522032064L, -2085305698L, 
-349283477L, 1101980397L, -743368870L, -241996776L, -2048099967L, 
214822707L, 1297810772L, 571961186L, 1395090423L, 469781569L, 
2066876614L, -858442236L, -762437195L, -1440964961L, -727494920L, 
1907446486L, -762067101L, -1660944603L, -1696074558L, -166026832L, 
-304178727L, 109164363L, 1344413116L, -218534422L, 1833097759L, 
-1296977751L, 1432524862L, 1743739180L, 2070942589L, 171428295L, 
1432243376L, -778032434L, -5529605L, -1076631459L, 1442631562L, 
1647280040L, 1171207441L, -1991824381L, 861570820L, -1360245966L, 
-358741625L, -1106178095L, 44900694L, 1572257588L, -551869883L, 
306261647L, -435648504L, -1532322778L, 1039946963L, -1491618251L, 
24399250L, 1675202912L, -1241462583L, 228158459L, -1097659444L, 
1063609946L, -1375179953L, -1859542503L, 2045141038L, 2019126844L, 
-464845907L, -1351635881L, 196381088L, 1389867774L, -421330485L, 
1116579789L, -327415046L, -664047304L, 1177737953L, 1871588755L, 
